{"camera_angle_x": 0.6911112070083618, "frames": [{"file_path": "./train/Bowl", "time": -1.0,"transform_matrix": [[1.0, -5.82076470356796e-11, 4.06366089324324e-14, -0.018873000517487526], [5.82076470356796e-11, 1.0, 2.365361361766527e-24, 0.6559290289878845], [-4.06366089324324e-14, 0.0, 1.0, 2.1076200008392334], [0.0, 0.0, 0.0, 1.0]], "angle": [-0.04509001970291138, 1.077239990234375, 0.10000000149011612]}, {"file_path": "./train/r_0", "time": 0.0, "transform_matrix": [[-0.02802305668592453, -0.884083092212677, 0.4664887487888336, 1.0662474632263184], [0.998200535774231, -8.508667548312587e-08, 0.059964049607515335, 0.7940014600753784], [-0.053013164550065994, 0.4673297107219696, 0.8824922442436218, 1.6935864686965942], [0.0, 0.0, 0.0, 1.0]], "angle": [-0.04509001970291138, 1.077239990234375, 0.10000000149011612]}, {"file_path": "./train/r_1", "time": 0.011235955056179775, "transform_matrix": [[-0.02802305668592453, -0.884083092212677, 0.4664887487888336, 1.0662474632263184], [0.998200535774231, -8.508667548312587e-08, 0.059964049607515335, 0.7940014600753784], [-0.053013164550065994, 0.4673297107219696, 0.8824922442436218, 1.6935864686965942], [0.0, 0.0, 0.0, 1.0]], "angle": [-0.04509001970291138, 1.077239990234375, 0.09063758701086044]}, {"file_path": "./train/r_2", "time": 0.02247191011235955, "transform_matrix": [[-0.02802305668592453, -0.884083092212677, 0.4664887487888336, 1.0662474632263184], [0.998200535774231, -8.508667548312587e-08, 0.059964049607515335, 0.7940014600753784], [-0.053013164550065994, 0.4673297107219696, 0.8824922442436218, 1.6935864686965942], [0.0, 0.0, 0.0, 1.0]], "angle": [-0.04509001970291138, 1.077239990234375, 0.020934725180268288]}, {"file_path": "./train/r_3", "time": 0.033707865168539325, "transform_matrix": [[-0.02802305668592453, -0.884083092212677, 0.4664887487888336, 1.0662474632263184], [0.998200535774231, -8.508667548312587e-08, 0.059964049607515335, 0.7940014600753784], [-0.053013164550065994, 0.4673297107219696, 0.8824922442436218, 1.6935864686965942], [0.0, 0.0, 0.0, 1.0]], "angle": [-0.04509001970291138, 1.077239990234375, -0.11654647439718246]}, {"file_path": "./train/r_4", "time": 0.0449438202247191, "transform_matrix": [[-0.02802305668592453, -0.884083092212677, 0.4664887487888336, 1.0662474632263184], [0.998200535774231, -8.508667548312587e-08, 0.059964049607515335, 0.7940014600753784], [-0.053013164550065994, 0.4673297107219696, 0.8824922442436218, 1.6935864686965942], [0.0, 0.0, 0.0, 1.0]], "angle": [-0.04509001970291138, 1.077239990234375, -0.3215758204460144]}, {"file_path": "./train/r_5", "time": 0.056179775280898875, "transform_matrix": [[-0.02802305668592453, -0.884083092212677, 0.4664887487888336, 1.0662474632263184], [0.998200535774231, -8.508667548312587e-08, 0.059964049607515335, 0.7940014600753784], [-0.053013164550065994, 0.4673297107219696, 0.8824922442436218, 1.6935864686965942], [0.0, 0.0, 0.0, 1.0]], "angle": [-0.035899288952350616, 0.9859462976455688, -0.48586800694465637]}, {"file_path": "./train/r_6", "time": 0.06741573033707865, "transform_matrix": [[-0.02802305668592453, -0.884083092212677, 0.4664887487888336, 1.0662474632263184], [0.998200535774231, -8.508667548312587e-08, 0.059964049607515335, 0.7940014600753784], [-0.053013164550065994, 0.4673297107219696, 0.8824922442436218, 1.6935864686965942], [0.0, 0.0, 0.0, 1.0]], "angle": [-0.017759568989276886, 0.8042065501213074, -0.5689953565597534]}, {"file_path": "./train/r_7", "time": 0.07865168539325842, "transform_matrix": [[-0.02802305668592453, -0.884083092212677, 0.4664887487888336, 1.0662474632263184], [0.998200535774231, -8.508667548312587e-08, 0.059964049607515335, 0.7940014600753784], [-0.053013164550065994, 0.4673297107219696, 0.8824922442436218, 1.6935864686965942], [0.0, 0.0, 0.0, 1.0]], "angle": [0.0012734713964164257, 0.6052651405334473, -0.5855274796485901]}, {"file_path": "./train/r_8", "time": 0.0898876404494382, "transform_matrix": [[-0.02802305668592453, -0.884083092212677, 0.4664887487888336, 1.0662474632263184], [0.998200535774231, -8.508667548312587e-08, 0.059964049607515335, 0.7940014600753784], [-0.053013164550065994, 0.4673297107219696, 0.8824922442436218, 1.6935864686965942], [0.0, 0.0, 0.0, 1.0]], "angle": [0.014523884281516075, 0.43143078684806824, -0.5444009900093079]}, {"file_path": "./train/r_9", "time": 0.10112359550561797, "transform_matrix": [[-0.02802305668592453, -0.884083092212677, 0.4664887487888336, 1.0662474632263184], [0.998200535774231, -8.508667548312587e-08, 0.059964049607515335, 0.7940014600753784], [-0.053013164550065994, 0.4673297107219696, 0.8824922442436218, 1.6935864686965942], [0.0, 0.0, 0.0, 1.0]], "angle": [0.022421063855290413, 0.3097750246524811, -0.4721965491771698]}, {"file_path": "./train/r_10", "time": 0.11235955056179775, "transform_matrix": [[-0.02802305668592453, -0.884083092212677, 0.4664887487888336, 1.0662474632263184], [0.998200535774231, -8.508667548312587e-08, 0.059964049607515335, 0.7940014600753784], [-0.053013164550065994, 0.4673297107219696, 0.8824922442436218, 1.6935864686965942], [0.0, 0.0, 0.0, 1.0]], "angle": [0.02549714408814907, 0.23848411440849304, -0.4097667634487152]}, {"file_path": "./train/r_11", "time": 0.12359550561797752, "transform_matrix": [[-0.02802305668592453, -0.884083092212677, 0.4664887487888336, 1.0662474632263184], [0.998200535774231, -8.508667548312587e-08, 0.059964049607515335, 0.7940014600753784], [-0.053013164550065994, 0.4673297107219696, 0.8824922442436218, 1.6935864686965942], [0.0, 0.0, 0.0, 1.0]], "angle": [0.024304740130901337, 0.21252979338169098, -0.3783458173274994]}, {"file_path": "./train/r_12", "time": 0.1348314606741573, "transform_matrix": [[-0.02802305668592453, -0.884083092212677, 0.4664887487888336, 1.0662474632263184], [0.998200535774231, -8.508667548312587e-08, 0.059964049607515335, 0.7940014600753784], [-0.053013164550065994, 0.4673297107219696, 0.8824922442436218, 1.6935864686965942], [0.0, 0.0, 0.0, 1.0]], "angle": [0.020871106535196304, 0.22018854320049286, -0.38810595870018005]}, {"file_path": "./train/r_13", "time": 0.14606741573033707, "transform_matrix": [[-0.02802305668592453, -0.884083092212677, 0.4664887487888336, 1.0662474632263184], [0.998200535774231, -8.508667548312587e-08, 0.059964049607515335, 0.7940014600753784], [-0.053013164550065994, 0.4673297107219696, 0.8824922442436218, 1.6935864686965942], [0.0, 0.0, 0.0, 1.0]], "angle": [0.014430277980864048, 0.2617904841899872, -0.43352872133255005]}, {"file_path": "./train/r_14", "time": 0.15730337078651685, "transform_matrix": [[-0.02802305668592453, -0.884083092212677, 0.4664887487888336, 1.0662474632263184], [0.998200535774231, -8.508667548312587e-08, 0.059964049607515335, 0.7940014600753784], [-0.053013164550065994, 0.4673297107219696, 0.8824922442436218, 1.6935864686965942], [0.0, 0.0, 0.0, 1.0]], "angle": [0.004328418523073196, 0.34185636043548584, -0.4969742000102997]}, {"file_path": "./train/r_15", "time": 0.16853932584269662, "transform_matrix": [[-0.02802305668592453, -0.884083092212677, 0.4664887487888336, 1.0662474632263184], [0.998200535774231, -8.508667548312587e-08, 0.059964049607515335, 0.7940014600753784], [-0.053013164550065994, 0.4673297107219696, 0.8824922442436218, 1.6935864686965942], [0.0, 0.0, 0.0, 1.0]], "angle": [-0.008252645842730999, 0.4588327705860138, -0.5547025799751282]}, {"file_path": "./train/r_16", "time": 0.1797752808988764, "transform_matrix": [[-0.02802305668592453, -0.884083092212677, 0.4664887487888336, 1.0662474632263184], [0.998200535774231, -8.508667548312587e-08, 0.059964049607515335, 0.7940014600753784], [-0.053013164550065994, 0.4673297107219696, 0.8824922442436218, 1.6935864686965942], [0.0, 0.0, 0.0, 1.0]], "angle": [-0.01614353246986866, 0.598768949508667, -0.5851902961730957]}, {"file_path": "./train/r_17", "time": 0.19101123595505617, "transform_matrix": [[-0.02802305668592453, -0.884083092212677, 0.4664887487888336, 1.0662474632263184], [0.998200535774231, -8.508667548312587e-08, 0.059964049607515335, 0.7940014600753784], [-0.053013164550065994, 0.4673297107219696, 0.8824922442436218, 1.6935864686965942], [0.0, 0.0, 0.0, 1.0]], "angle": [-0.022237250581383705, 0.7397030591964722, -0.5829933881759644]}, {"file_path": "./train/r_18", "time": 0.20224719101123595, "transform_matrix": [[-0.02802305668592453, -0.884083092212677, 0.4664887487888336, 1.0662474632263184], [0.998200535774231, -8.508667548312587e-08, 0.059964049607515335, 0.7940014600753784], [-0.053013164550065994, 0.4673297107219696, 0.8824922442436218, 1.6935864686965942], [0.0, 0.0, 0.0, 1.0]], "angle": [-0.026188520714640617, 0.8594936728477478, -0.5521577596664429]}, {"file_path": "./train/r_19", "time": 0.21348314606741572, "transform_matrix": [[-0.02802305668592453, -0.884083092212677, 0.4664887487888336, 1.0662474632263184], [0.998200535774231, -8.508667548312587e-08, 0.059964049607515335, 0.7940014600753784], [-0.053013164550065994, 0.4673297107219696, 0.8824922442436218, 1.6935864686965942], [0.0, 0.0, 0.0, 1.0]], "angle": [-0.02709576115012169, 0.9434401988983154, -0.5111100673675537]}, {"file_path": "./train/r_20", "time": 0.2247191011235955, "transform_matrix": [[-0.02802305668592453, -0.884083092212677, 0.4664887487888336, 1.0662474632263184], [0.998200535774231, -8.508667548312587e-08, 0.059964049607515335, 0.7940014600753784], [-0.053013164550065994, 0.4673297107219696, 0.8824922442436218, 1.6935864686965942], [0.0, 0.0, 0.0, 1.0]], "angle": [-0.024668361991643906, 0.9915811419487, -0.481962114572525]}, {"file_path": "./train/r_21", "time": 0.23595505617977527, "transform_matrix": [[-0.02802305668592453, -0.884083092212677, 0.4664887487888336, 1.0662474632263184], [0.998200535774231, -8.508667548312587e-08, 0.059964049607515335, 0.7940014600753784], [-0.053013164550065994, 0.4673297107219696, 0.8824922442436218, 1.6935864686965942], [0.0, 0.0, 0.0, 1.0]], "angle": [-0.019174547865986824, 1.0007423162460327, -0.4749181866645813]}, {"file_path": "./train/r_22", "time": 0.24719101123595505, "transform_matrix": [[-0.02802305668592453, -0.884083092212677, 0.4664887487888336, 1.0662474632263184], [0.998200535774231, -8.508667548312587e-08, 0.059964049607515335, 0.7940014600753784], [-0.053013164550065994, 0.4673297107219696, 0.8824922442436218, 1.6935864686965942], [0.0, 0.0, 0.0, 1.0]], "angle": [-0.012674614787101746, 0.9769708514213562, -0.49349525570869446]}, {"file_path": "./train/r_23", "time": 0.25842696629213485, "transform_matrix": [[-0.02802305668592453, -0.884083092212677, 0.4664887487888336, 1.0662474632263184], [0.998200535774231, -8.508667548312587e-08, 0.059964049607515335, 0.7940014600753784], [-0.053013164550065994, 0.4673297107219696, 0.8824922442436218, 1.6935864686965942], [0.0, 0.0, 0.0, 1.0]], "angle": [-0.009752054698765278, 0.9219620227813721, -0.5227603912353516]}, {"file_path": "./train/r_24", "time": 0.2696629213483146, "transform_matrix": [[-0.02802305668592453, -0.884083092212677, 0.4664887487888336, 1.0662474632263184], [0.998200535774231, -8.508667548312587e-08, 0.059964049607515335, 0.7940014600753784], [-0.053013164550065994, 0.4673297107219696, 0.8824922442436218, 1.6935864686965942], [0.0, 0.0, 0.0, 1.0]], "angle": [-0.00999979767948389, 0.8410069942474365, -0.5576695203781128]}, {"file_path": "./train/r_25", "time": 0.2808988764044944, "transform_matrix": [[-0.02802305668592453, -0.884083092212677, 0.4664887487888336, 1.0662474632263184], [0.998200535774231, -8.508667548312587e-08, 0.059964049607515335, 0.7940014600753784], [-0.053013164550065994, 0.4673297107219696, 0.8824922442436218, 1.6935864686965942], [0.0, 0.0, 0.0, 1.0]], "angle": [-0.013782571069896221, 0.7416144609451294, -0.582263708114624]}, {"file_path": "./train/r_26", "time": 0.29213483146067415, "transform_matrix": [[-0.02802305668592453, -0.884083092212677, 0.4664887487888336, 1.0662474632263184], [0.998200535774231, -8.508667548312587e-08, 0.059964049607515335, 0.7940014600753784], [-0.053013164550065994, 0.4673297107219696, 0.8824922442436218, 1.6935864686965942], [0.0, 0.0, 0.0, 1.0]], "angle": [-0.017126182094216347, 0.6367636919021606, -0.5890622735023499]}, {"file_path": "./train/r_27", "time": 0.30337078651685395, "transform_matrix": [[-0.02802305668592453, -0.884083092212677, 0.4664887487888336, 1.0662474632263184], [0.998200535774231, -8.508667548312587e-08, 0.059964049607515335, 0.7940014600753784], [-0.053013164550065994, 0.4673297107219696, 0.8824922442436218, 1.6935864686965942], [0.0, 0.0, 0.0, 1.0]], "angle": [-0.016174685209989548, 0.5411264896392822, -0.5797318816184998]}, {"file_path": "./train/r_28", "time": 0.3146067415730337, "transform_matrix": [[-0.02802305668592453, -0.884083092212677, 0.4664887487888336, 1.0662474632263184], [0.998200535774231, -8.508667548312587e-08, 0.059964049607515335, 0.7940014600753784], [-0.053013164550065994, 0.4673297107219696, 0.8824922442436218, 1.6935864686965942], [0.0, 0.0, 0.0, 1.0]], "angle": [-0.011472721584141254, 0.4678097367286682, -0.5570480227470398]}, {"file_path": "./train/r_29", "time": 0.3258426966292135, "transform_matrix": [[-0.02802305668592453, -0.884083092212677, 0.4664887487888336, 1.0662474632263184], [0.998200535774231, -8.508667548312587e-08, 0.059964049607515335, 0.7940014600753784], [-0.053013164550065994, 0.4673297107219696, 0.8824922442436218, 1.6935864686965942], [0.0, 0.0, 0.0, 1.0]], "angle": [-0.008515511639416218, 0.41976678371429443, -0.5393729209899902]}, {"file_path": "./train/r_30", "time": 0.33707865168539325, "transform_matrix": [[-0.02802305668592453, -0.884083092212677, 0.4664887487888336, 1.0662474632263184], [0.998200535774231, -8.508667548312587e-08, 0.059964049607515335, 0.7940014600753784], [-0.053013164550065994, 0.4673297107219696, 0.8824922442436218, 1.6935864686965942], [0.0, 0.0, 0.0, 1.0]], "angle": [-0.008074763230979443, 0.4047531187534332, -0.5313512682914734]}, {"file_path": "./train/r_31", "time": 0.34831460674157305, "transform_matrix": [[-0.02802305668592453, -0.884083092212677, 0.4664887487888336, 1.0662474632263184], [0.998200535774231, -8.508667548312587e-08, 0.059964049607515335, 0.7940014600753784], [-0.053013164550065994, 0.4673297107219696, 0.8824922442436218, 1.6935864686965942], [0.0, 0.0, 0.0, 1.0]], "angle": [-0.010121782310307026, 0.41782277822494507, -0.5384775400161743]}, {"file_path": "./train/r_32", "time": 0.3595505617977528, "transform_matrix": [[-0.02802305668592453, -0.884083092212677, 0.4664887487888336, 1.0662474632263184], [0.998200535774231, -8.508667548312587e-08, 0.059964049607515335, 0.7940014600753784], [-0.053013164550065994, 0.4673297107219696, 0.8824922442436218, 1.6935864686965942], [0.0, 0.0, 0.0, 1.0]], "angle": [-0.013345111161470413, 0.4556663930416107, -0.5534198880195618]}, {"file_path": "./train/r_33", "time": 0.3707865168539326, "transform_matrix": [[-0.02802305668592453, -0.884083092212677, 0.4664887487888336, 1.0662474632263184], [0.998200535774231, -8.508667548312587e-08, 0.059964049607515335, 0.7940014600753784], [-0.053013164550065994, 0.4673297107219696, 0.8824922442436218, 1.6935864686965942], [0.0, 0.0, 0.0, 1.0]], "angle": [-0.016194257885217667, 0.5105621814727783, -0.5701681971549988]}, {"file_path": "./train/r_34", "time": 0.38202247191011235, "transform_matrix": [[-0.02802305668592453, -0.884083092212677, 0.4664887487888336, 1.0662474632263184], [0.998200535774231, -8.508667548312587e-08, 0.059964049607515335, 0.7940014600753784], [-0.053013164550065994, 0.4673297107219696, 0.8824922442436218, 1.6935864686965942], [0.0, 0.0, 0.0, 1.0]], "angle": [-0.01946292258799076, 0.5797854065895081, -0.5835800170898438]}, {"file_path": "./train/r_35", "time": 0.39325842696629215, "transform_matrix": [[-0.02802305668592453, -0.884083092212677, 0.4664887487888336, 1.0662474632263184], [0.998200535774231, -8.508667548312587e-08, 0.059964049607515335, 0.7940014600753784], [-0.053013164550065994, 0.4673297107219696, 0.8824922442436218, 1.6935864686965942], [0.0, 0.0, 0.0, 1.0]], "angle": [-0.02259296551346779, 0.6538652777671814, -0.5901721119880676]}, {"file_path": "./train/r_36", "time": 0.4044943820224719, "transform_matrix": [[-0.02802305668592453, -0.884083092212677, 0.4664887487888336, 1.0662474632263184], [0.998200535774231, -8.508667548312587e-08, 0.059964049607515335, 0.7940014600753784], [-0.053013164550065994, 0.4673297107219696, 0.8824922442436218, 1.6935864686965942], [0.0, 0.0, 0.0, 1.0]], "angle": [-0.022560298442840576, 0.7228577733039856, -0.5842663049697876]}, {"file_path": "./train/r_37", "time": 0.4157303370786517, "transform_matrix": [[-0.02802305668592453, -0.884083092212677, 0.4664887487888336, 1.0662474632263184], [0.998200535774231, -8.508667548312587e-08, 0.059964049607515335, 0.7940014600753784], [-0.053013164550065994, 0.4673297107219696, 0.8824922442436218, 1.6935864686965942], [0.0, 0.0, 0.0, 1.0]], "angle": [-0.023969462141394615, 0.7803719639778137, -0.576064944267273]}, {"file_path": "./train/r_38", "time": 0.42696629213483145, "transform_matrix": [[-0.02802305668592453, -0.884083092212677, 0.4664887487888336, 1.0662474632263184], [0.998200535774231, -8.508667548312587e-08, 0.059964049607515335, 0.7940014600753784], [-0.053013164550065994, 0.4673297107219696, 0.8824922442436218, 1.6935864686965942], [0.0, 0.0, 0.0, 1.0]], "angle": [-0.02383183315396309, 0.8160427808761597, -0.5652549862861633]}, {"file_path": "./train/r_39", "time": 0.43820224719101125, "transform_matrix": [[-0.02802305668592453, -0.884083092212677, 0.4664887487888336, 1.0662474632263184], [0.998200535774231, -8.508667548312587e-08, 0.059964049607515335, 0.7940014600753784], [-0.053013164550065994, 0.4673297107219696, 0.8824922442436218, 1.6935864686965942], [0.0, 0.0, 0.0, 1.0]], "angle": [-0.022129710763692856, 0.8297509551048279, -0.5611615777015686]}, {"file_path": "./train/r_40", "time": 0.449438202247191, "transform_matrix": [[-0.02802305668592453, -0.884083092212677, 0.4664887487888336, 1.0662474632263184], [0.998200535774231, -8.508667548312587e-08, 0.059964049607515335, 0.7940014600753784], [-0.053013164550065994, 0.4673297107219696, 0.8824922442436218, 1.6935864686965942], [0.0, 0.0, 0.0, 1.0]], "angle": [-0.02008741907775402, 0.8238840699195862, -0.5629653930664062]}, {"file_path": "./train/r_41", "time": 0.4606741573033708, "transform_matrix": [[-0.02802305668592453, -0.884083092212677, 0.4664887487888336, 1.0662474632263184], [0.998200535774231, -8.508667548312587e-08, 0.059964049607515335, 0.7940014600753784], [-0.053013164550065994, 0.4673297107219696, 0.8824922442436218, 1.6935864686965942], [0.0, 0.0, 0.0, 1.0]], "angle": [-0.017081184312701225, 0.8020251393318176, -0.5696391463279724]}, {"file_path": "./train/r_42", "time": 0.47191011235955055, "transform_matrix": [[-0.02802305668592453, -0.884083092212677, 0.4664887487888336, 1.0662474632263184], [0.998200535774231, -8.508667548312587e-08, 0.059964049607515335, 0.7940014600753784], [-0.053013164550065994, 0.4673297107219696, 0.8824922442436218, 1.6935864686965942], [0.0, 0.0, 0.0, 1.0]], "angle": [-0.01258126087486744, 0.7644566893577576, -0.5801373720169067]}, {"file_path": "./train/r_43", "time": 0.48314606741573035, "transform_matrix": [[-0.02802305668592453, -0.884083092212677, 0.4664887487888336, 1.0662474632263184], [0.998200535774231, -8.508667548312587e-08, 0.059964049607515335, 0.7940014600753784], [-0.053013164550065994, 0.4673297107219696, 0.8824922442436218, 1.6935864686965942], [0.0, 0.0, 0.0, 1.0]], "angle": [-0.005007816478610039, 0.7189164161682129, -0.5843019485473633]}, {"file_path": "./train/r_44", "time": 0.4943820224719101, "transform_matrix": [[-0.02802305668592453, -0.884083092212677, 0.4664887487888336, 1.0662474632263184], [0.998200535774231, -8.508667548312587e-08, 0.059964049607515335, 0.7940014600753784], [-0.053013164550065994, 0.4673297107219696, 0.8824922442436218, 1.6935864686965942], [0.0, 0.0, 0.0, 1.0]], "angle": [0.0012035119580104947, 0.670353353023529, -0.5886028409004211]}, {"file_path": "./train/r_45", "time": 0.5056179775280899, "transform_matrix": [[-0.02802305668592453, -0.884083092212677, 0.4664887487888336, 1.0662474632263184], [0.998200535774231, -8.508667548312587e-08, 0.059964049607515335, 0.7940014600753784], [-0.053013164550065994, 0.4673297107219696, 0.8824922442436218, 1.6935864686965942], [0.0, 0.0, 0.0, 1.0]], "angle": [0.0020562084391713142, 0.6231752634048462, -0.5874244570732117]}, {"file_path": "./train/r_46", "time": 0.5168539325842697, "transform_matrix": [[-0.02802305668592453, -0.884083092212677, 0.4664887487888336, 1.0662474632263184], [0.998200535774231, -8.508667548312587e-08, 0.059964049607515335, 0.7940014600753784], [-0.053013164550065994, 0.4673297107219696, 0.8824922442436218, 1.6935864686965942], [0.0, 0.0, 0.0, 1.0]], "angle": [-0.00032033969182521105, 0.5849749445915222, -0.5838065147399902]}, {"file_path": "./train/r_47", "time": 0.5280898876404494, "transform_matrix": [[-0.02802305668592453, -0.884083092212677, 0.4664887487888336, 1.0662474632263184], [0.998200535774231, -8.508667548312587e-08, 0.059964049607515335, 0.7940014600753784], [-0.053013164550065994, 0.4673297107219696, 0.8824922442436218, 1.6935864686965942], [0.0, 0.0, 0.0, 1.0]], "angle": [-0.0031064143404364586, 0.5567837357521057, -0.5810168981552124]}, {"file_path": "./train/r_48", "time": 0.5393258426966292, "transform_matrix": [[-0.02802305668592453, -0.884083092212677, 0.4664887487888336, 1.0662474632263184], [0.998200535774231, -8.508667548312587e-08, 0.059964049607515335, 0.7940014600753784], [-0.053013164550065994, 0.4673297107219696, 0.8824922442436218, 1.6935864686965942], [0.0, 0.0, 0.0, 1.0]], "angle": [-0.003135634819045663, 0.5390248894691467, -0.5788596272468567]}, {"file_path": "./train/r_49", "time": 0.550561797752809, "transform_matrix": [[-0.02802305668592453, -0.884083092212677, 0.4664887487888336, 1.0662474632263184], [0.998200535774231, -8.508667548312587e-08, 0.059964049607515335, 0.7940014600753784], [-0.053013164550065994, 0.4673297107219696, 0.8824922442436218, 1.6935864686965942], [0.0, 0.0, 0.0, 1.0]], "angle": [-0.0033537624403834343, 0.5391238331794739, -0.57865971326828]}, {"file_path": "./train/r_50", "time": 0.5617977528089888, "transform_matrix": [[-0.02802305668592453, -0.884083092212677, 0.4664887487888336, 1.0662474632263184], [0.998200535774231, -8.508667548312587e-08, 0.059964049607515335, 0.7940014600753784], [-0.053013164550065994, 0.4673297107219696, 0.8824922442436218, 1.6935864686965942], [0.0, 0.0, 0.0, 1.0]], "angle": [-0.005009825341403484, 0.5523879528045654, -0.5806959271430969]}, {"file_path": "./train/r_51", "time": 0.5730337078651685, "transform_matrix": [[-0.02802305668592453, -0.884083092212677, 0.4664887487888336, 1.0662474632263184], [0.998200535774231, -8.508667548312587e-08, 0.059964049607515335, 0.7940014600753784], [-0.053013164550065994, 0.4673297107219696, 0.8824922442436218, 1.6935864686965942], [0.0, 0.0, 0.0, 1.0]], "angle": [-0.004766467958688736, 0.5695273876190186, -0.5822203755378723]}, {"file_path": "./train/r_52", "time": 0.5842696629213483, "transform_matrix": [[-0.02802305668592453, -0.884083092212677, 0.4664887487888336, 1.0662474632263184], [0.998200535774231, -8.508667548312587e-08, 0.059964049607515335, 0.7940014600753784], [-0.053013164550065994, 0.4673297107219696, 0.8824922442436218, 1.6935864686965942], [0.0, 0.0, 0.0, 1.0]], "angle": [-0.004930014256387949, 0.5900043249130249, -0.5841955542564392]}, {"file_path": "./train/r_53", "time": 0.5955056179775281, "transform_matrix": [[-0.02802305668592453, -0.884083092212677, 0.4664887487888336, 1.0662474632263184], [0.998200535774231, -8.508667548312587e-08, 0.059964049607515335, 0.7940014600753784], [-0.053013164550065994, 0.4673297107219696, 0.8824922442436218, 1.6935864686965942], [0.0, 0.0, 0.0, 1.0]], "angle": [-0.005718528293073177, 0.6138111352920532, -0.5865374803543091]}, {"file_path": "./train/r_54", "time": 0.6067415730337079, "transform_matrix": [[-0.02802305668592453, -0.884083092212677, 0.4664887487888336, 1.0662474632263184], [0.998200535774231, -8.508667548312587e-08, 0.059964049607515335, 0.7940014600753784], [-0.053013164550065994, 0.4673297107219696, 0.8824922442436218, 1.6935864686965942], [0.0, 0.0, 0.0, 1.0]], "angle": [-0.007240984123200178, 0.6405967473983765, -0.5898743867874146]}, {"file_path": "./train/r_55", "time": 0.6179775280898876, "transform_matrix": [[-0.02802305668592453, -0.884083092212677, 0.4664887487888336, 1.0662474632263184], [0.998200535774231, -8.508667548312587e-08, 0.059964049607515335, 0.7940014600753784], [-0.053013164550065994, 0.4673297107219696, 0.8824922442436218, 1.6935864686965942], [0.0, 0.0, 0.0, 1.0]], "angle": [-0.010821680538356304, 0.6661627888679504, -0.58943110704422]}, {"file_path": "./train/r_56", "time": 0.6292134831460674, "transform_matrix": [[-0.02802305668592453, -0.884083092212677, 0.4664887487888336, 1.0662474632263184], [0.998200535774231, -8.508667548312587e-08, 0.059964049607515335, 0.7940014600753784], [-0.053013164550065994, 0.4673297107219696, 0.8824922442436218, 1.6935864686965942], [0.0, 0.0, 0.0, 1.0]], "angle": [-0.017689405009150505, 0.6837261915206909, -0.5880566239356995]}, {"file_path": "./train/r_57", "time": 0.6404494382022472, "transform_matrix": [[-0.02802305668592453, -0.884083092212677, 0.4664887487888336, 1.0662474632263184], [0.998200535774231, -8.508667548312587e-08, 0.059964049607515335, 0.7940014600753784], [-0.053013164550065994, 0.4673297107219696, 0.8824922442436218, 1.6935864686965942], [0.0, 0.0, 0.0, 1.0]], "angle": [-0.022801466286182404, 0.6920704245567322, -0.5871641039848328]}, {"file_path": "./train/r_58", "time": 0.651685393258427, "transform_matrix": [[-0.02802305668592453, -0.884083092212677, 0.4664887487888336, 1.0662474632263184], [0.998200535774231, -8.508667548312587e-08, 0.059964049607515335, 0.7940014600753784], [-0.053013164550065994, 0.4673297107219696, 0.8824922442436218, 1.6935864686965942], [0.0, 0.0, 0.0, 1.0]], "angle": [-0.02459975704550743, 0.6921650767326355, -0.5871670842170715]}, {"file_path": "./train/r_59", "time": 0.6629213483146067, "transform_matrix": [[-0.02802305668592453, -0.884083092212677, 0.4664887487888336, 1.0662474632263184], [0.998200535774231, -8.508667548312587e-08, 0.059964049607515335, 0.7940014600753784], [-0.053013164550065994, 0.4673297107219696, 0.8824922442436218, 1.6935864686965942], [0.0, 0.0, 0.0, 1.0]], "angle": [-0.024980073794722557, 0.6882518529891968, -0.5875867605209351]}, {"file_path": "./train/r_60", "time": 0.6741573033707865, "transform_matrix": [[-0.02802305668592453, -0.884083092212677, 0.4664887487888336, 1.0662474632263184], [0.998200535774231, -8.508667548312587e-08, 0.059964049607515335, 0.7940014600753784], [-0.053013164550065994, 0.4673297107219696, 0.8824922442436218, 1.6935864686965942], [0.0, 0.0, 0.0, 1.0]], "angle": [-0.02493174374103546, 0.6809426546096802, -0.58835369348526]}, {"file_path": "./train/r_61", "time": 0.6853932584269663, "transform_matrix": [[-0.02802305668592453, -0.884083092212677, 0.4664887487888336, 1.0662474632263184], [0.998200535774231, -8.508667548312587e-08, 0.059964049607515335, 0.7940014600753784], [-0.053013164550065994, 0.4673297107219696, 0.8824922442436218, 1.6935864686965942], [0.0, 0.0, 0.0, 1.0]], "angle": [-0.024498028680682182, 0.6702642440795898, -0.5894114375114441]}, {"file_path": "./train/r_62", "time": 0.6966292134831461, "transform_matrix": [[-0.02802305668592453, -0.884083092212677, 0.4664887487888336, 1.0662474632263184], [0.998200535774231, -8.508667548312587e-08, 0.059964049607515335, 0.7940014600753784], [-0.053013164550065994, 0.4673297107219696, 0.8824922442436218, 1.6935864686965942], [0.0, 0.0, 0.0, 1.0]], "angle": [-0.021540654823184013, 0.6581255197525024, -0.5904212594032288]}, {"file_path": "./train/r_63", "time": 0.7078651685393258, "transform_matrix": [[-0.02802305668592453, -0.884083092212677, 0.4664887487888336, 1.0662474632263184], [0.998200535774231, -8.508667548312587e-08, 0.059964049607515335, 0.7940014600753784], [-0.053013164550065994, 0.4673297107219696, 0.8824922442436218, 1.6935864686965942], [0.0, 0.0, 0.0, 1.0]], "angle": [-0.014896906912326813, 0.6505914926528931, -0.5904560089111328]}, {"file_path": "./train/r_64", "time": 0.7191011235955056, "transform_matrix": [[-0.02802305668592453, -0.884083092212677, 0.4664887487888336, 1.0662474632263184], [0.998200535774231, -8.508667548312587e-08, 0.059964049607515335, 0.7940014600753784], [-0.053013164550065994, 0.4673297107219696, 0.8824922442436218, 1.6935864686965942], [0.0, 0.0, 0.0, 1.0]], "angle": [-0.01016122754663229, 0.6500360369682312, -0.589904248714447]}, {"file_path": "./train/r_65", "time": 0.7303370786516854, "transform_matrix": [[-0.02802305668592453, -0.884083092212677, 0.4664887487888336, 1.0662474632263184], [0.998200535774231, -8.508667548312587e-08, 0.059964049607515335, 0.7940014600753784], [-0.053013164550065994, 0.4673297107219696, 0.8824922442436218, 1.6935864686965942], [0.0, 0.0, 0.0, 1.0]], "angle": [-0.011223610490560532, 0.6525888442993164, -0.5901318192481995]}, {"file_path": "./train/r_66", "time": 0.7415730337078652, "transform_matrix": [[-0.02802305668592453, -0.884083092212677, 0.4664887487888336, 1.0662474632263184], [0.998200535774231, -8.508667548312587e-08, 0.059964049607515335, 0.7940014600753784], [-0.053013164550065994, 0.4673297107219696, 0.8824922442436218, 1.6935864686965942], [0.0, 0.0, 0.0, 1.0]], "angle": [-0.015141641721129417, 0.65741366147995, -0.5907309651374817]}, {"file_path": "./train/r_67", "time": 0.7528089887640449, "transform_matrix": [[-0.02802305668592453, -0.884083092212677, 0.4664887487888336, 1.0662474632263184], [0.998200535774231, -8.508667548312587e-08, 0.059964049607515335, 0.7940014600753784], [-0.053013164550065994, 0.4673297107219696, 0.8824922442436218, 1.6935864686965942], [0.0, 0.0, 0.0, 1.0]], "angle": [-0.018492944538593292, 0.6605174541473389, -0.590535044670105]}, {"file_path": "./train/r_68", "time": 0.7640449438202247, "transform_matrix": [[-0.02802305668592453, -0.884083092212677, 0.4664887487888336, 1.0662474632263184], [0.998200535774231, -8.508667548312587e-08, 0.059964049607515335, 0.7940014600753784], [-0.053013164550065994, 0.4673297107219696, 0.8824922442436218, 1.6935864686965942], [0.0, 0.0, 0.0, 1.0]], "angle": [-0.017612216994166374, 0.6595330238342285, -0.5906546115875244]}, {"file_path": "./train/r_69", "time": 0.7752808988764045, "transform_matrix": [[-0.02802305668592453, -0.884083092212677, 0.4664887487888336, 1.0662474632263184], [0.998200535774231, -8.508667548312587e-08, 0.059964049607515335, 0.7940014600753784], [-0.053013164550065994, 0.4673297107219696, 0.8824922442436218, 1.6935864686965942], [0.0, 0.0, 0.0, 1.0]], "angle": [-0.01568354107439518, 0.657537579536438, -0.5907551050186157]}, {"file_path": "./train/r_70", "time": 0.7865168539325843, "transform_matrix": [[-0.02802305668592453, -0.884083092212677, 0.4664887487888336, 1.0662474632263184], [0.998200535774231, -8.508667548312587e-08, 0.059964049607515335, 0.7940014600753784], [-0.053013164550065994, 0.4673297107219696, 0.8824922442436218, 1.6935864686965942], [0.0, 0.0, 0.0, 1.0]], "angle": [-0.016817137598991394, 0.6581904888153076, -0.5908388495445251]}, {"file_path": "./train/r_71", "time": 0.797752808988764, "transform_matrix": [[-0.02802305668592453, -0.884083092212677, 0.4664887487888336, 1.0662474632263184], [0.998200535774231, -8.508667548312587e-08, 0.059964049607515335, 0.7940014600753784], [-0.053013164550065994, 0.4673297107219696, 0.8824922442436218, 1.6935864686965942], [0.0, 0.0, 0.0, 1.0]], "angle": [-0.015632476657629013, 0.6576185822486877, -0.5906909704208374]}, {"file_path": "./train/r_72", "time": 0.8089887640449438, "transform_matrix": [[-0.02802305668592453, -0.884083092212677, 0.4664887487888336, 1.0662474632263184], [0.998200535774231, -8.508667548312587e-08, 0.059964049607515335, 0.7940014600753784], [-0.053013164550065994, 0.4673297107219696, 0.8824922442436218, 1.6935864686965942], [0.0, 0.0, 0.0, 1.0]], "angle": [-0.015976088121533394, 0.6573641896247864, -0.5907385349273682]}, {"file_path": "./train/r_73", "time": 0.8202247191011236, "transform_matrix": [[-0.02802305668592453, -0.884083092212677, 0.4664887487888336, 1.0662474632263184], [0.998200535774231, -8.508667548312587e-08, 0.059964049607515335, 0.7940014600753784], [-0.053013164550065994, 0.4673297107219696, 0.8824922442436218, 1.6935864686965942], [0.0, 0.0, 0.0, 1.0]], "angle": [-0.015267977491021156, 0.6577978134155273, -0.5908045172691345]}, {"file_path": "./train/r_74", "time": 0.8314606741573034, "transform_matrix": [[-0.02802305668592453, -0.884083092212677, 0.4664887487888336, 1.0662474632263184], [0.998200535774231, -8.508667548312587e-08, 0.059964049607515335, 0.7940014600753784], [-0.053013164550065994, 0.4673297107219696, 0.8824922442436218, 1.6935864686965942], [0.0, 0.0, 0.0, 1.0]], "angle": [-0.01566583476960659, 0.6580487489700317, -0.5908815860748291]}, {"file_path": "./train/r_75", "time": 0.8426966292134831, "transform_matrix": [[-0.02802305668592453, -0.884083092212677, 0.4664887487888336, 1.0662474632263184], [0.998200535774231, -8.508667548312587e-08, 0.059964049607515335, 0.7940014600753784], [-0.053013164550065994, 0.4673297107219696, 0.8824922442436218, 1.6935864686965942], [0.0, 0.0, 0.0, 1.0]], "angle": [-0.016085760667920113, 0.657920241355896, -0.5907416939735413]}, {"file_path": "./train/r_76", "time": 0.8539325842696629, "transform_matrix": [[-0.02802305668592453, -0.884083092212677, 0.4664887487888336, 1.0662474632263184], [0.998200535774231, -8.508667548312587e-08, 0.059964049607515335, 0.7940014600753784], [-0.053013164550065994, 0.4673297107219696, 0.8824922442436218, 1.6935864686965942], [0.0, 0.0, 0.0, 1.0]], "angle": [-0.017610786482691765, 0.6577382683753967, -0.5906385779380798]}, {"file_path": "./train/r_77", "time": 0.8651685393258427, "transform_matrix": [[-0.02802305668592453, -0.884083092212677, 0.4664887487888336, 1.0662474632263184], [0.998200535774231, -8.508667548312587e-08, 0.059964049607515335, 0.7940014600753784], [-0.053013164550065994, 0.4673297107219696, 0.8824922442436218, 1.6935864686965942], [0.0, 0.0, 0.0, 1.0]], "angle": [-0.017415069043636322, 0.6572458744049072, -0.5906665921211243]}, {"file_path": "./train/r_78", "time": 0.8764044943820225, "transform_matrix": [[-0.02802305668592453, -0.884083092212677, 0.4664887487888336, 1.0662474632263184], [0.998200535774231, -8.508667548312587e-08, 0.059964049607515335, 0.7940014600753784], [-0.053013164550065994, 0.4673297107219696, 0.8824922442436218, 1.6935864686965942], [0.0, 0.0, 0.0, 1.0]], "angle": [-0.017332442104816437, 0.6570034027099609, -0.5906712412834167]}, {"file_path": "./train/r_79", "time": 0.8876404494382022, "transform_matrix": [[-0.02802305668592453, -0.884083092212677, 0.4664887487888336, 1.0662474632263184], [0.998200535774231, -8.508667548312587e-08, 0.059964049607515335, 0.7940014600753784], [-0.053013164550065994, 0.4673297107219696, 0.8824922442436218, 1.6935864686965942], [0.0, 0.0, 0.0, 1.0]], "angle": [-0.01700504496693611, 0.6562858819961548, -0.5906675457954407]}, {"file_path": "./train/r_80", "time": 0.898876404494382, "transform_matrix": [[-0.02802305668592453, -0.884083092212677, 0.4664887487888336, 1.0662474632263184], [0.998200535774231, -8.508667548312587e-08, 0.059964049607515335, 0.7940014600753784], [-0.053013164550065994, 0.4673297107219696, 0.8824922442436218, 1.6935864686965942], [0.0, 0.0, 0.0, 1.0]], "angle": [-0.015628879889845848, 0.6553982496261597, -0.5906361937522888]}, {"file_path": "./train/r_81", "time": 0.9101123595505618, "transform_matrix": [[-0.02802305668592453, -0.884083092212677, 0.4664887487888336, 1.0662474632263184], [0.998200535774231, -8.508667548312587e-08, 0.059964049607515335, 0.7940014600753784], [-0.053013164550065994, 0.4673297107219696, 0.8824922442436218, 1.6935864686965942], [0.0, 0.0, 0.0, 1.0]], "angle": [-0.016887521371245384, 0.6554231643676758, -0.5907102823257446]}, {"file_path": "./train/r_82", "time": 0.9213483146067416, "transform_matrix": [[-0.02802305668592453, -0.884083092212677, 0.4664887487888336, 1.0662474632263184], [0.998200535774231, -8.508667548312587e-08, 0.059964049607515335, 0.7940014600753784], [-0.053013164550065994, 0.4673297107219696, 0.8824922442436218, 1.6935864686965942], [0.0, 0.0, 0.0, 1.0]], "angle": [-0.01717248186469078, 0.6551740169525146, -0.5906637907028198]}, {"file_path": "./train/r_83", "time": 0.9325842696629213, "transform_matrix": [[-0.02802305668592453, -0.884083092212677, 0.4664887487888336, 1.0662474632263184], [0.998200535774231, -8.508667548312587e-08, 0.059964049607515335, 0.7940014600753784], [-0.053013164550065994, 0.4673297107219696, 0.8824922442436218, 1.6935864686965942], [0.0, 0.0, 0.0, 1.0]], "angle": [-0.017198476940393448, 0.6549634337425232, -0.5906566977500916]}, {"file_path": "./train/r_84", "time": 0.9438202247191011, "transform_matrix": [[-0.02802305668592453, -0.884083092212677, 0.4664887487888336, 1.0662474632263184], [0.998200535774231, -8.508667548312587e-08, 0.059964049607515335, 0.7940014600753784], [-0.053013164550065994, 0.4673297107219696, 0.8824922442436218, 1.6935864686965942], [0.0, 0.0, 0.0, 1.0]], "angle": [-0.017320869490504265, 0.6547554731369019, -0.590652585029602]}, {"file_path": "./train/r_85", "time": 0.9550561797752809, "transform_matrix": [[-0.02802305668592453, -0.884083092212677, 0.4664887487888336, 1.0662474632263184], [0.998200535774231, -8.508667548312587e-08, 0.059964049607515335, 0.7940014600753784], [-0.053013164550065994, 0.4673297107219696, 0.8824922442436218, 1.6935864686965942], [0.0, 0.0, 0.0, 1.0]], "angle": [-0.017258362844586372, 0.6545645594596863, -0.5906545519828796]}, {"file_path": "./train/r_86", "time": 0.9662921348314607, "transform_matrix": [[-0.02802305668592453, -0.884083092212677, 0.4664887487888336, 1.0662474632263184], [0.998200535774231, -8.508667548312587e-08, 0.059964049607515335, 0.7940014600753784], [-0.053013164550065994, 0.4673297107219696, 0.8824922442436218, 1.6935864686965942], [0.0, 0.0, 0.0, 1.0]], "angle": [-0.01730773039162159, 0.654387891292572, -0.5906563401222229]}, {"file_path": "./train/r_87", "time": 0.9775280898876404, "transform_matrix": [[-0.02802305668592453, -0.884083092212677, 0.4664887487888336, 1.0662474632263184], [0.998200535774231, -8.508667548312587e-08, 0.059964049607515335, 0.7940014600753784], [-0.053013164550065994, 0.4673297107219696, 0.8824922442436218, 1.6935864686965942], [0.0, 0.0, 0.0, 1.0]], "angle": [-0.017417293041944504, 0.6542285084724426, -0.5906558036804199]}, {"file_path": "./train/r_88", "time": 0.9887640449438202, "transform_matrix": [[-0.02802305668592453, -0.884083092212677, 0.4664887487888336, 1.0662474632263184], [0.998200535774231, -8.508667548312587e-08, 0.059964049607515335, 0.7940014600753784], [-0.053013164550065994, 0.4673297107219696, 0.8824922442436218, 1.6935864686965942], [0.0, 0.0, 0.0, 1.0]], "angle": [-0.01740044727921486, 0.654053807258606, -0.5906599760055542]}, {"file_path": "./train/r_89", "time": 1.0, "transform_matrix": [[-0.02802305668592453, -0.884083092212677, 0.4664887487888336, 1.0662474632263184], [0.998200535774231, -8.508667548312587e-08, 0.059964049607515335, 0.7940014600753784], [-0.053013164550065994, 0.4673297107219696, 0.8824922442436218, 1.6935864686965942], [0.0, 0.0, 0.0, 1.0]], "angle": [-0.017419856041669846, 0.6539055705070496, -0.5906618237495422]}, {"file_path": "./train/r_90", "time": 0.0, "transform_matrix": [[0.9992005228996277, -0.0015989403473213315, 0.03994669392704964, 0.07500161230564117], [0.01920456625521183, 0.895561158657074, -0.44452401995658875, -0.3647489845752716], [-0.035063933581113815, 0.4449358582496643, 0.8948757648468018, 1.8559613227844238], [0.0, 0.0, 0.0, 1.0]], "angle": [-0.13508999347686768, 0.22724008560180664, 0.10000000149011612]}, {"file_path": "./train/r_91", "time": 0.011235955056179775, "transform_matrix": [[0.9992005228996277, -0.0015989403473213315, 0.03994669392704964, 0.075001612305